"iso3c","year","spei","Normal","Severe.Dry","Severe.Wet"
"AFG",2000,-0.423252291491918,0.930555555555556,0.0694444444444444,NA
"AFG",2001,-0.618214969564782,0.982142857142857,0.0171957671957672,0.000661375661375661
"AFG",2002,-0.236627630645479,0.996362433862434,0.00231481481481481,0.00132275132275132
"AFG",2003,0.139353941068496,0.997685185185185,0.000330687830687831,0.00198412698412698
"AFG",2004,-0.144982955558888,0.938492063492063,0.0436507936507936,0.0178571428571429
"AFG",2005,-0.0331591379626217,0.96494708994709,0.0112433862433862,0.0238095238095238
"AFG",2006,-0.199704288268684,0.951719576719577,0.019510582010582,0.0287698412698413
"AFG",2007,-0.0285416567706321,0.980820105820106,0.0102513227513228,0.00892857142857143
"AFG",2008,-0.387044660542316,0.913690476190476,0.0674603174603175,0.0188492063492063
"AFG",2009,0.124632907892562,0.975198412698413,0.00760582010582011,0.0171957671957672
"AFG",2010,-0.243674525975366,0.963624338624339,0.0132275132275132,0.0231481481481481
"AFG",2011,-0.226676812957011,0.995039682539683,0.00496031746031746,NA
"AFG",2012,0.303009578976902,0.992063492063492,NA,0.00793650793650794
"AFG",2013,-0.16666447219304,0.933862433862434,0.0479497354497355,0.0181878306878307
"AFG",2014,-0.414751179470706,0.927579365079365,0.0654761904761905,0.00694444444444444
"AFG",2015,0.168108727673248,0.957010582010582,0.0125661375661376,0.0304232804232804
"AFG",2016,-0.282829757414566,0.930886243386243,0.0578703703703704,0.0112433862433862
"AFG",2017,-0.712628430647606,0.929139072847682,0.0675496688741722,0.0033112582781457
"AFG",2018,-0.717792179699074,0.916666666666667,0.082010582010582,0.00132275132275132
"AGO",2000,0.0220939596541345,0.986361813076615,0.0100280786201364,0.0036101083032491
"AGO",2001,-0.0375250075781898,0.975531488166867,0.0184516646610509,0.00601684717208183
"AGO",2002,-0.0624222812411056,0.947780678851175,0.0387628037758586,0.0134565173729665
"AGO",2003,-0.29313023506996,0.938566552901024,0.0614334470989761,NA
"AGO",2004,0.174744533740105,0.98397114806652,0.0100180324584252,0.0060108194750551
"AGO",2005,-0.230796868192305,0.938390527794501,0.0579971904475216,0.00361228175797712
"AGO",2006,0.128219416048779,0.975536394626028,0.0186484860637658,0.00581511931020654
"AGO",2007,0.146319622516524,0.995592065718293,0.00160288519334803,0.00280504908835905
"AGO",2008,0.151509880588752,0.990182328190743,0.00841514726507714,0.00140252454417952
"AGO",2009,0.147852252697798,0.973151673011421,0.0254458024443999,0.00140252454417952
"AGO",2010,-0.0392818410330338,0.975727181544634,0.0182547642928786,0.00601805416248746
"AGO",2011,0.152069401337511,0.997995590298657,0.00140308679094007,0.000601322910402886
"AGO",2012,0.258392727326557,0.998997795149329,NA,0.00100220485067148
"AGO",2013,0.139265824347657,0.994788534776508,0.00160352776107436,0.00360793746241732
"AGO",2014,0.248958560266871,0.995991983967936,0.000200400801603206,0.00380761523046092
"AGO",2015,0.0224862096718265,0.985568250150331,0.0118260172379234,0.00260573261174584
"AGO",2016,0.0113537960006294,0.979354580076168,0.0102224894768491,0.0104229304469834
"AGO",2017,-0.0935670269928365,0.976305220883534,0.0234939759036145,0.000200803212851406
"AGO",2018,0.106647329188485,0.994187211866105,0.00360793746241732,0.00220485067147725
"ALB",2000,-0.767371964201124,0.972222222222222,0.0277777777777778,NA
"ALB",2001,-0.503204529513217,0.930555555555556,0.0694444444444444,NA
"ALB",2002,0.0763570041550946,0.965277777777778,NA,0.0347222222222222
"ALB",2003,-0.353445170576581,0.965277777777778,0.0138888888888889,0.0208333333333333
"ALB",2004,0.0711060084221472,1,NA,NA
"ALB",2005,0.0543422272571155,1,NA,NA
"ALB",2006,0.0118193413428444,0.993055555555556,NA,0.00694444444444444
"ALB",2007,-0.235272599228968,0.909722222222222,0.0902777777777778,NA
"ALB",2008,-0.259601243034316,1,NA,NA
"ALB",2009,0.352597127125288,0.958333333333333,NA,0.0416666666666667
"ALB",2010,0.361472231051367,0.951388888888889,NA,0.0486111111111111
"ALB",2011,-0.720823560556811,0.979166666666667,0.0208333333333333,NA
"ALB",2012,-0.417041219240572,0.930555555555556,0.0694444444444444,NA
"ALB",2013,-0.218763879713758,1,NA,NA
"ALB",2014,0.5117374036086,0.958333333333333,NA,0.0416666666666667
"ALB",2015,-0.193856517816635,0.868055555555556,0.131944444444444,NA
"ALB",2016,0.0528043079086478,0.916666666666667,0.0833333333333333,NA
"ALB",2017,-0.361671782775429,1,NA,NA
"ALB",2018,-0.342980230972222,0.895833333333333,0.104166666666667,NA
"ARE",2000,-0.338018825301939,0.940972222222222,0.0277777777777778,0.03125
"ARE",2001,-0.638936559996283,0.993055555555556,0.00694444444444444,NA
"ARE",2002,-0.450241030789281,1,NA,NA
"ARE",2003,-0.140920872497696,1,NA,NA
"ARE",2004,-0.384624711747165,0.913194444444444,0.0833333333333333,0.00347222222222222
"ARE",2005,-0.0440741847269236,1,NA,NA
"ARE",2006,0.186272954436491,0.927083333333333,NA,0.0729166666666667
"ARE",2007,-0.269189466563047,1,NA,NA
"ARE",2008,-0.00220466519466654,0.975694444444444,0.0243055555555556,NA
"ARE",2009,-0.0169972324729315,0.972222222222222,0.0173611111111111,0.0104166666666667
"ARE",2010,-0.634054444730282,0.902777777777778,0.0972222222222222,NA
"ARE",2011,0.0661307601516861,1,NA,NA
"ARE",2012,-0.0473207248368353,0.996527777777778,NA,0.00347222222222222
"ARE",2013,0.056088017909335,0.96875,NA,0.03125
"ARE",2014,-0.374266142903959,0.993055555555556,NA,0.00694444444444444
"ARE",2015,-0.964771167666186,0.871527777777778,0.128472222222222,NA
"ARE",2016,-1.01358186209755,0.920138888888889,0.0798611111111111,NA
"ARE",2017,-1.06115131536569,0.871527777777778,0.125,0.00347222222222222
"ARE",2018,-1.03491492307292,0.916666666666667,0.0833333333333333,NA
"ARG",2000,0.60498688639369,0.954084675014908,0.00126714370900417,0.0446481812760883
"ARG",2001,0.435770818047919,0.951848539057841,0.00663387000596303,0.0415175909361956
"ARG",2002,0.502962313811279,0.944394752534287,0.00275790101371497,0.0528473464519976
"ARG",2003,-0.128841504746458,0.959001118151323,0.0394334699962728,0.00156541185240403
"ARG",2004,-0.0997783237475478,0.966457960644007,0.022510435301133,0.0110316040548599
"ARG",2005,0.0227400419197001,0.970855694692904,0.0167710196779964,0.0123732856290996
"ARG",2006,-0.192682082305226,0.956618962432916,0.0368217054263566,0.00655933214072749
"ARG",2007,0.0328488502248606,0.971377459749553,0.00670840787119857,0.0219141323792487
"ARG",2008,-0.47318784386345,0.917778606038017,0.0727543794260156,0.0094670145359672
"ARG",2009,-0.42512103045323,0.856738223017293,0.118887895050686,0.0243738819320215
"ARG",2010,-0.0110706384755796,0.970706618962433,0.00641025641025641,0.0228831246273107
"ARG",2011,-0.160700663400707,0.933288610614192,0.055381633870006,0.011329755515802
"ARG",2012,-0.0878260068888338,0.914132379248658,0.039505068574836,0.0463625521765057
"ARG",2013,-0.368670664487263,0.921213476446035,0.0755068574836017,0.00327966607036374
"ARG",2014,0.239726715924092,0.935002981514609,0.0421884317233154,0.0228085867620751
"ARG",2015,0.106769939390766,0.951401311866428,0.0184108527131783,0.0301878354203936
"ARG",2016,0.165011045638528,0.885062611806798,0.0489713774597496,0.0659660107334526
"ARG",2017,0.0743384010042836,0.972122838401908,0.0193798449612403,0.00849731663685152
"ARG",2018,0.0175031690829681,0.908392963625522,0.0570960047704234,0.0345110316040549
"ARM",2000,-0.48626328801187,0.916666666666667,0.0769230769230769,0.00641025641025641
"ARM",2001,-0.325030169700487,1,NA,NA
"ARM",2002,0.33123864287224,0.923076923076923,NA,0.0769230769230769
"ARM",2003,0.623716761802849,0.916666666666667,NA,0.0833333333333333
"ARM",2004,0.148542894628078,1,NA,NA
"ARM",2005,0.407370944232799,0.993589743589744,NA,0.00641025641025641
"ARM",2006,0.139058914859421,0.903846153846154,NA,0.0961538461538462
"ARM",2007,0.551267849432173,0.91025641025641,NA,0.0897435897435897
"ARM",2008,-0.194545239884741,0.993589743589744,0.00641025641025641,NA
"ARM",2009,0.468735852123549,0.955128205128205,NA,0.0448717948717949
"ARM",2010,0.228641947516455,0.884615384615385,0.0448717948717949,0.0705128205128205
"ARM",2011,0.42455178575638,0.974358974358974,NA,0.0256410256410256
"ARM",2012,-0.195169478392181,1,NA,NA
"ARM",2013,-0.0437608826752508,1,NA,NA
"ARM",2014,-0.266532348574868,0.974358974358974,0.0256410256410256,NA
"ARM",2015,0.206911446837088,0.948717948717949,0.0128205128205128,0.0384615384615385
"ARM",2016,0.363322128696988,1,NA,NA
"ARM",2017,-0.530543841212165,1,NA,NA
"ARM",2018,0.0618051216025641,0.967948717948718,0.00641025641025641,0.0256410256410256
"ATF",2000,-1.02281905213992,0.916666666666667,0.0833333333333333,NA
"ATF",2001,-0.110952847171575,0.916666666666667,NA,0.0833333333333333
"ATF",2002,-1.09729604547222,0.666666666666667,0.333333333333333,NA
"ATF",2003,-0.51931690548857,0.916666666666667,0.0833333333333333,NA
"ATF",2004,-1.25960817777862,0.75,0.25,NA
"ATF",2005,-1.21065048128366,0.666666666666667,0.333333333333333,NA
"ATF",2006,-1.23218807081382,0.625,0.375,NA
"ATF",2007,-0.777008636854589,0.875,0.125,NA
"ATF",2008,0.165701268007978,0.666666666666667,0.25,0.0833333333333333
"ATF",2009,-0.894120650986831,0.833333333333333,0.166666666666667,NA
"ATF",2010,-0.383311431544522,0.916666666666667,0.0833333333333333,NA
"ATF",2011,0.00739740207791321,0.666666666666667,0.166666666666667,0.166666666666667
"ATF",2012,0.57818723625193,1,NA,NA
"ATF",2013,0.292154227072994,0.833333333333333,0.0833333333333333,0.0833333333333333
"ATF",2014,-0.0785521765549975,1,NA,NA
"ATF",2015,0.208100919922193,1,NA,NA
"ATF",2016,-0.14525126790007,1,NA,NA
"ATF",2017,0.273718903474857,0.875,0.0416666666666667,0.0833333333333333
"ATF",2018,0.0736442758333334,0.583333333333333,0.0833333333333333,0.333333333333333
"AUS",2000,0.328201854178169,0.934690339550454,0.00212219033955045,0.0631874701099952
"AUS",2001,0.127421590537501,0.987147297943568,0.00367647058823529,0.00917623146819703
"AUS",2002,-0.698607092258455,0.96464012434242,0.0350011956001913,0.000358680057388809
"AUS",2003,-0.0836463250307343,0.992766618842659,0.00230153036824486,0.00493185078909613
"AUS",2004,-0.0741841803487264,0.994171449067432,0.000209230033476805,0.00561932089909134
"AUS",2005,-0.197688351506421,0.972262075561932,0.0236728837876614,0.0040650406504065
"AUS",2006,-0.197535311333026,0.961950023912004,0.0204447632711621,0.0176052128168341
"AUS",2007,-0.221646538527297,0.964460784313726,0.0176351028216165,0.0179041128646581
"AUS",2008,-0.110005176730812,0.981288857006217,0.00807030129124821,0.0106408417025347
"AUS",2009,-0.390721249270294,0.960303700603814,0.0308782208405572,0.00881807855562862
"AUS",2010,0.521944802358923,0.95791487326638,0.00358680057388809,0.0384983261597322
"AUS",2011,0.263074550004149,0.980661166905787,0.000627690100430416,0.0187111429937829
"AUS",2012,-0.202238395543712,0.986997847919656,0.00899689143950263,0.0040052606408417
"AUS",2013,-0.442496204315841,0.939134853965502,0.0568592867178859,0.00400585931661236
"AUS",2014,-0.341259505386641,0.965087430877298,0.0290539530712898,0.00585861605141234
"AUS",2015,-0.239943969790218,0.968585604973697,0.0287840746054519,0.00263032042085127
"AUS",2016,0.190511643215479,0.983709947393592,0.0037960306073649,0.0124940219990435
"AUS",2017,-0.35420820522094,0.958409437973471,0.0323382339731114,0.00925232805341797
"AUS",2018,-0.41114091514321,0.985144667623147,0.0119858919177427,0.00286944045911047
"AUT",2000,-0.0479923119670493,0.963675213675214,0.00641025641025641,0.0299145299145299
"AUT",2001,-0.123813419469978,0.987179487179487,0.00213675213675214,0.0106837606837607
"AUT",2002,0.0672468463392754,1,NA,NA
"AUT",2003,-0.768142215668773,0.931623931623932,0.0683760683760684,NA
"AUT",2004,-0.0162787144207924,1,NA,NA
"AUT",2005,0.0383653991594991,0.982905982905983,NA,0.0170940170940171
"AUT",2006,-0.20472829168965,0.946581196581197,0.0384615384615385,0.014957264957265
"AUT",2007,0.0313083202385096,0.897435897435897,0.0833333333333333,0.0192307692307692
"AUT",2008,-0.130061505877554,0.997863247863248,NA,0.00213675213675214
"AUT",2009,0.157396546639124,0.957264957264957,0.0235042735042735,0.0192307692307692
"AUT",2010,0.114849004962155,1,NA,NA
"AUT",2011,-0.672997730537606,0.912393162393162,0.0854700854700855,0.00213675213675214
"AUT",2012,-0.226725282181419,0.944444444444444,0.0534188034188034,0.00213675213675214
"AUT",2013,0.0887990486489719,0.914529914529915,0.0833333333333333,0.00213675213675214
"AUT",2014,0.178370310222973,1,NA,NA
"AUT",2015,-0.302947794996664,0.993589743589744,0.00641025641025641,NA
"AUT",2016,0.360738237194655,0.963675213675214,0.0235042735042735,0.0128205128205128
"AUT",2017,0.163347517653722,1,NA,NA
"AUT",2018,-0.166843137735043,0.995726495726496,0.00427350427350427,NA
"AZE",2000,-0.384429426052029,0.981981981981982,0.018018018018018,NA
"AZE",2001,-0.356433316954199,1,NA,NA
"AZE",2002,0.214080494968797,0.970720720720721,NA,0.0292792792792793
"AZE",2003,0.390640875970659,0.966216216216216,NA,0.0337837837837838
"AZE",2004,0.264807518133616,1,NA,NA
"AZE",2005,0.104995368606454,0.990990990990991,NA,0.00900900900900901
"AZE",2006,0.0626209588041781,0.95045045045045,0.0405405405405405,0.00900900900900901
"AZE",2007,0.161573082912369,0.981981981981982,0.00225225225225225,0.0157657657657658
"AZE",2008,-0.158884193870682,0.986486486486487,0.0135135135135135,NA
"AZE",2009,0.140483924853306,0.948198198198198,NA,0.0518018018018018
"AZE",2010,-0.0589909695540103,0.878378378378378,0.0990990990990991,0.0225225225225225
"AZE",2011,0.147139742380917,0.977477477477477,0.00225225225225225,0.0202702702702703
"AZE",2012,-0.24369715701323,0.997747747747748,NA,0.00225225225225225
"AZE",2013,-0.10583319094977,1,NA,NA
"AZE",2014,-0.438091130239201,0.995495495495496,0.0045045045045045,NA
"AZE",2015,-0.0790455226087942,0.970720720720721,NA,0.0292792792792793
"AZE",2016,0.0794338328170753,0.997747747747748,0.00225225225225225,NA
"AZE",2017,-0.529299772842735,1,NA,NA
"AZE",2018,-0.163102702657658,0.990990990990991,NA,0.00900900900900901
"BDI",2000,-0.662928812153404,0.983333333333333,0.0166666666666667,NA
"BDI",2001,0.407947911166896,0.891666666666667,NA,0.108333333333333
"BDI",2002,-0.465243209871308,0.783333333333333,0.141666666666667,0.075
"BDI",2003,-0.285529711873581,1,NA,NA
"BDI",2004,-0.814617845586812,0.833333333333333,0.15,0.0166666666666667
"BDI",2005,-0.706884263667355,0.8,0.125,0.075
"BDI",2006,-0.0279288225496807,0.741666666666667,0.133333333333333,0.125
"BDI",2007,0.117121213519325,0.925,NA,0.075
"BDI",2008,-0.364995441663389,0.9,0.05,0.05
"BDI",2009,-0.342805132719998,0.883333333333333,0.116666666666667,NA
"BDI",2010,-0.270802530522148,0.791666666666667,0.108333333333333,0.1
"BDI",2011,0.405436478620686,0.825,0.00833333333333333,0.166666666666667
"BDI",2012,-0.812804522493389,0.858333333333333,0.141666666666667,NA
"BDI",2013,-0.525125610440349,0.816666666666667,0.133333333333333,0.05
"BDI",2014,0.119818007737194,1,NA,NA
"BDI",2015,0.0586141574695829,1,NA,NA
"BDI",2016,0.0287629404648518,1,NA,NA
"BDI",2017,-0.258581122795829,0.983333333333333,0.0166666666666667,NA
"BDI",2018,-0.146536212615,1,NA,NA
"BEL",2000,0.358336605793596,0.970588235294118,NA,0.0294117647058824
"BEL",2001,0.462067176487443,0.911764705882353,NA,0.0882352941176471
"BEL",2002,0.357968081758408,0.96078431372549,NA,0.0392156862745098
"BEL",2003,-0.637551640775557,1,NA,NA
"BEL",2004,-0.0184071101630609,1,NA,NA
"BEL",2005,-0.0682901790224053,1,NA,NA
"BEL",2006,-0.117950671065973,0.82843137254902,0.053921568627451,0.117647058823529
"BEL",2007,0.234612856544189,0.916666666666667,0.0833333333333333,NA
"BEL",2008,0.030360933096495,1,NA,NA
"BEL",2009,-0.129449399012396,1,NA,NA
"BEL",2010,-0.0206302142263774,1,NA,NA
"BEL",2011,-0.423131092451513,0.833333333333333,0.166666666666667,NA
"BEL",2012,0.136886899870839,1,NA,NA
"BEL",2013,-0.0163185341174111,1,NA,NA
"BEL",2014,-0.168823456707269,1,NA,NA
"BEL",2015,-0.235632702062253,1,NA,NA
"BEL",2016,0.0153845124604071,0.946078431372549,0.0392156862745098,0.0147058823529412
"BEL",2017,-0.232250828801212,1,NA,NA
"BEL",2018,-0.441568097176471,0.990196078431373,0.00980392156862745,NA
"BEN",2000,-0.367976566776633,1,NA,NA
"BEN",2001,-0.760727509117248,0.957264957264957,0.0427350427350427,NA
"BEN",2002,-0.139473250733776,0.993589743589744,0.00641025641025641,NA
"BEN",2003,0.217063940279922,1,NA,NA
"BEN",2004,0.200529055896267,0.987179487179487,NA,0.0128205128205128
"BEN",2005,-0.109491156779193,1,NA,NA
"BEN",2006,-0.219445077637604,1,NA,NA
"BEN",2007,0.239733517914712,0.997863247863248,0.00213675213675214,NA
"BEN",2008,0.210741247602691,1,NA,NA
"BEN",2009,0.181838605451421,1,NA,NA
"BEN",2010,0.0860220604172199,0.987179487179487,0.00213675213675214,0.0106837606837607
"BEN",2011,-0.322079622466813,0.933760683760684,0.0299145299145299,0.0363247863247863
"BEN",2012,0.0525946717492392,0.989316239316239,NA,0.0106837606837607
"BEN",2013,-0.246608375118942,0.923076923076923,0.032051282051282,0.0448717948717949
"BEN",2014,-0.166970197798418,0.989316239316239,0.0106837606837607,NA
"BEN",2015,-0.502792194032938,0.901709401709402,0.0662393162393162,0.032051282051282
"BEN",2016,-0.516762676753768,0.980769230769231,0.0192307692307692,NA
"BEN",2017,-0.271536916945157,0.935897435897436,0.061965811965812,0.00213675213675214
"BEN",2018,-0.000865957497435897,0.995726495726496,0.00213675213675214,0.00213675213675214
"BFA",2000,-0.510104336228553,0.977969348659004,0.0220306513409962,NA
"BFA",2001,-0.773130848457733,0.913793103448276,0.0862068965517241,NA
"BFA",2002,-0.65841012673616,0.976053639846743,0.0239463601532567,NA
"BFA",2003,0.10558881380244,0.980842911877395,0.0181992337164751,0.000957854406130268
"BFA",2004,-0.0687012388709919,0.942528735632184,0.024904214559387,0.0325670498084291
"BFA",2005,0.0793785975107048,0.981800766283525,0.00957854406130268,0.00862068965517241
"BFA",2006,-0.339935233057296,0.982758620689655,0.0172413793103448,NA
"BFA",2007,-0.0652565566431339,0.906999041227229,0.0556088207094919,0.037392138063279
"BFA",2008,-0.193406498152559,0.991379310344828,0.00862068965517241,NA
"BFA",2009,0.112126155641225,0.967432950191571,0.0325670498084291,NA
"BFA",2010,-0.105663260431283,0.952107279693487,0.0421455938697318,0.00574712643678161
"BFA",2011,-0.481640448719894,0.941570881226054,0.0584291187739464,NA
"BFA",2012,0.253778709283133,0.961685823754789,0.024904214559387,0.0134099616858238
"BFA",2013,-0.471677084926627,0.904214559386973,0.0814176245210728,0.014367816091954
"BFA",2014,-0.0841963370845803,0.988505747126437,0.0114942528735632,NA
"BFA",2015,-0.215999178753201,0.940613026819923,0.053639846743295,0.00574712643678161
"BFA",2016,-0.0438160136677356,0.996168582375479,0.000957854406130268,0.0028735632183908
"BFA",2017,-0.37028120532605,0.926245210727969,0.0727969348659004,0.000957854406130268
"BFA",2018,0.0108883418659004,0.959770114942529,0.0344827586206897,0.00574712643678161
"BGD",2000,0.118782935044863,0.960144927536232,0.0181159420289855,0.0217391304347826
"BGD",2001,-0.33612690760123,0.980072463768116,0.016304347826087,0.0036231884057971
"BGD",2002,0.0566859136595377,1,NA,NA
"BGD",2003,0.130437539719582,0.956521739130435,0.0307971014492754,0.0126811594202899
"BGD",2004,-0.223045954746076,0.969202898550725,0.0126811594202899,0.0181159420289855
"BGD",2005,-0.30024728659489,0.972826086956522,0.0271739130434783,NA
"BGD",2006,-0.458139618866287,0.983695652173913,0.0036231884057971,0.0126811594202899
"BGD",2007,0.34810400409122,0.918478260869565,0.0072463768115942,0.0742753623188406
"BGD",2008,-0.121456462363299,1,NA,NA
"BGD",2009,-0.247090473844909,0.989130434782609,0.0108695652173913,NA
"BGD",2010,-0.0452369829815682,0.992753623188406,NA,0.0072463768115942
"BGD",2011,0.0445151687131526,0.932971014492754,0.0036231884057971,0.0634057971014493
"BGD",2012,-0.00214121154124809,0.983695652173913,NA,0.016304347826087
"BGD",2013,-0.234632477538822,0.998188405797101,NA,0.00181159420289855
"BGD",2014,-0.428689737433793,1,NA,NA
"BGD",2015,0.208128894178789,0.972826086956522,NA,0.0271739130434783
"BGD",2016,0.0155494235630191,0.998188405797101,0.00181159420289855,NA
"BGD",2017,0.449955081103241,0.969202898550725,NA,0.0307971014492754
"BGD",2018,-0.402808634016304,0.96195652173913,0.0380434782608696,NA
"BGR",2000,-0.735717474140266,0.998299319727891,0.00170068027210884,NA
"BGR",2001,-0.390552970999892,1,NA,NA
"BGR",2002,-0.00257280943056004,0.989795918367347,0.0102040816326531,NA
"BGR",2003,-0.281380867514265,0.921768707482993,0.0680272108843537,0.0102040816326531
"BGR",2004,-0.148506950660982,1,NA,NA
"BGR",2005,0.409645787392724,0.942176870748299,NA,0.0578231292517007
"BGR",2006,0.0157511368038316,1,NA,NA
"BGR",2007,-0.231758406353706,0.869047619047619,0.130952380952381,NA
"BGR",2008,-0.732662979193463,0.981292517006803,0.0187074829931973,NA
"BGR",2009,0.0536630859041782,1,NA,NA
"BGR",2010,0.29183790026562,0.962585034013605,NA,0.0374149659863946
"BGR",2011,-0.541715051398928,0.965986394557823,0.0340136054421769,NA
"BGR",2012,-0.385181066435191,0.852040816326531,0.119047619047619,0.0289115646258503
"BGR",2013,-0.334723250587237,1,NA,NA
"BGR",2014,0.673402484697226,0.979591836734694,0.00850340136054422,0.0119047619047619
"BGR",2015,0.109185498421038,0.991496598639456,0.00850340136054422,NA
"BGR",2016,-0.0630735546056668,0.977891156462585,0.0187074829931973,0.00340136054421769
"BGR",2017,0.0620479171799434,1,NA,NA
"BGR",2018,-0.0512804387465986,0.865646258503401,0.0969387755102041,0.0374149659863946
"BHS",2000,-0.115096447264982,1,NA,NA
"BHS",2001,0.236670267380153,1,NA,NA
"BHS",2002,-0.0694691756248677,0.972222222222222,NA,0.0277777777777778
"BHS",2003,0.101578722294006,0.972222222222222,NA,0.0277777777777778
"BHS",2004,-0.487601853907108,1,NA,NA
"BHS",2005,0.0445932992475314,1,NA,NA
"BHS",2006,-0.0744727622303702,0.972222222222222,NA,0.0277777777777778
"BHS",2007,0.358463307842612,0.972222222222222,NA,0.0277777777777778
"BHS",2008,0.154563427825148,1,NA,NA
"BHS",2009,-0.156977054507782,0.972222222222222,NA,0.0277777777777778
"BHS",2010,0.379082403093991,0.916666666666667,NA,0.0833333333333333
"BHS",2011,-0.260509026029871,1,NA,NA
"BHS",2012,0.191079347795393,0.944444444444444,NA,0.0555555555555556
"BHS",2013,-0.163105467696571,0.888888888888889,0.0555555555555556,0.0555555555555556
"BHS",2014,0.0939053873428038,0.972222222222222,NA,0.0277777777777778
"BHS",2015,-0.114782954566181,1,NA,NA
"BHS",2016,0.0720543097445949,0.972222222222222,NA,0.0277777777777778
"BHS",2017,-0.0160688689446646,0.972222222222222,NA,0.0277777777777778
"BHS",2018,-0.0057050361111111,0.944444444444444,0.0277777777777778,0.0277777777777778
"BIH",2000,-0.676702344052308,0.996212121212121,0.00378787878787879,NA
"BIH",2001,0.0734511566133182,0.931818181818182,NA,0.0681818181818182
"BIH",2002,0.00786532792544955,0.992424242424242,NA,0.00757575757575758
"BIH",2003,-0.720892887375543,0.984848484848485,0.0151515151515152,NA
"BIH",2004,0.398905494200087,1,NA,NA
"BIH",2005,0.297360090114649,0.981060606060606,NA,0.0189393939393939
"BIH",2006,-0.259697979800297,0.916666666666667,0.00378787878787879,0.0795454545454545
"BIH",2007,-0.229262237243044,0.916666666666667,0.0833333333333333,NA
"BIH",2008,-0.220957382657974,1,NA,NA
"BIH",2009,-0.0117593552832575,1,NA,NA
"BIH",2010,0.735142789243114,0.992424242424242,NA,0.00757575757575758
"BIH",2011,-0.842258402220482,0.996212121212121,0.00378787878787879,NA
"BIH",2012,-0.455352634491371,0.856060606060606,0.143939393939394,NA
"BIH",2013,0.192182901435334,0.852272727272727,0.0681818181818182,0.0795454545454545
"BIH",2014,0.580660086077511,0.958333333333333,NA,0.0416666666666667
"BIH",2015,-0.323876741560966,0.950757575757576,0.0492424242424242,NA
"BIH",2016,0.106205295372726,0.931818181818182,0.0681818181818182,NA
"BIH",2017,-0.490005177814064,1,NA,NA
"BIH",2018,-0.187579262776515,1,NA,NA
"BLR",2000,-0.110498430522964,0.919616519174041,0.0553097345132743,0.0250737463126844
"BLR",2001,0.0990496669119158,1,NA,NA
"BLR",2002,-0.582147408612295,0.93141592920354,0.00589970501474926,0.0626843657817109
"BLR",2003,-0.271569426220825,0.995575221238938,NA,0.00442477876106195
"BLR",2004,0.298846323016365,0.888643067846608,0.00294985250737463,0.108407079646018
"BLR",2005,-0.006658299432277,0.938053097345133,0.023598820058997,0.0383480825958702
"BLR",2006,-0.338160848222465,0.918141592920354,0.00884955752212389,0.0730088495575221
"BLR",2007,-0.155886657830588,0.964601769911504,NA,0.0353982300884956
"BLR",2008,0.134176702694188,0.981563421828909,NA,0.0184365781710914
"BLR",2009,0.576046704684714,0.836283185840708,0.0833333333333333,0.0803834808259587
"BLR",2010,0.310347650890658,0.943952802359882,NA,0.056047197640118
"BLR",2011,-0.46809962390514,0.960176991150443,0.0398230088495575,NA
"BLR",2012,0.523020589691216,1,NA,NA
"BLR",2013,0.139960215290047,0.980088495575221,NA,0.0199115044247788
"BLR",2014,-0.423013256792576,0.972713864306785,0.025811209439528,0.00147492625368732
"BLR",2015,-0.444657517899064,0.898967551622419,0.101032448377581,NA
"BLR",2016,0.204911219715617,0.96976401179941,NA,0.03023598820059
"BLR",2017,0.350621315863305,0.999262536873156,NA,0.000737463126843658
"BLR",2018,-0.425830256789602,0.983038348082596,0.0169616519174041,NA
"BLZ",2000,-0.281285717604785,1,NA,NA
"BLZ",2001,-0.102828121485395,0.958333333333333,0.0277777777777778,0.0138888888888889
"BLZ",2002,-0.221702261672666,0.916666666666667,0.0694444444444444,0.0138888888888889
"BLZ",2003,-0.460202443258216,0.972222222222222,NA,0.0277777777777778
"BLZ",2004,-0.40098004663984,0.847222222222222,0.125,0.0277777777777778
"BLZ",2005,-0.18674571888793,0.930555555555556,0.0555555555555556,0.0138888888888889
"BLZ",2006,0.478776581999328,0.777777777777778,0.0416666666666667,0.180555555555556
"BLZ",2007,-0.154070605937806,0.791666666666667,0.125,0.0833333333333333
"BLZ",2008,-0.0700978654333288,0.791666666666667,0.111111111111111,0.0972222222222222
"BLZ",2009,-0.372741383603878,1,NA,NA
"BLZ",2010,0.160932478590338,0.930555555555556,0.0416666666666667,0.0277777777777778
"BLZ",2011,-0.0587759349857356,0.916666666666667,0.0416666666666667,0.0416666666666667
"BLZ",2012,-0.136612954588297,0.930555555555556,0.0694444444444444,NA
"BLZ",2013,1.01809149846021,0.833333333333333,NA,0.166666666666667
"BLZ",2014,-0.00275599832336079,1,NA,NA
"BLZ",2015,-0.294207048602402,0.888888888888889,0.111111111111111,NA
"BLZ",2016,-0.00107536583931925,0.944444444444444,0.0555555555555556,NA
"BLZ",2017,-0.256512735850029,0.916666666666667,0.0277777777777778,0.0555555555555556
"BLZ",2018,0.519194360277778,0.972222222222222,NA,0.0277777777777778
"BOL",2000,0.385858909191045,0.953324225865209,0.00273224043715847,0.0439435336976321
"BOL",2001,0.157396760202507,0.971994535519126,0.00728597449908925,0.0207194899817851
"BOL",2002,-0.0356834975830768,0.929189435336976,0.035063752276867,0.0357468123861567
"BOL",2003,0.023507566741512,0.968806921675774,0.0129781420765027,0.0182149362477231
"BOL",2004,0.0643252946028425,0.967668488160291,0.00660291438979964,0.0257285974499089
"BOL",2005,0.0377442949835207,0.975182149362477,0.00409836065573771,0.0207194899817851
"BOL",2006,0.189785730256994,0.968123861566485,0.00500910746812386,0.0268670309653916
"BOL",2007,-0.0207048861936785,0.924339106654512,0.0663172288058341,0.0093436645396536
"BOL",2008,-0.048848308701428,0.946265938069217,0.034608378870674,0.0191256830601093
"BOL",2009,0.361990254945191,0.914617486338798,0.0166211293260474,0.0687613843351548
"BOL",2010,-0.241344076601119,0.922814207650273,0.0669398907103825,0.0102459016393443
"BOL",2011,0.148184262526085,0.918715846994536,0.0182149362477231,0.0630692167577414
"BOL",2012,0.116687696758529,0.933060109289617,0.0389344262295082,0.0280054644808743
"BOL",2013,0.41841425621623,0.902777777777778,0.0127504553734062,0.084471766848816
"BOL",2014,0.165553189000241,0.920537340619308,0.0371129326047359,0.0423497267759563
"BOL",2015,-0.0236431766389566,0.926684881602914,0.0327868852459016,0.040528233151184
"BOL",2016,-0.528876460641378,0.933060109289617,0.0639799635701275,0.00295992714025501
"BOL",2017,-0.0465069090096907,0.942167577413479,0.0387067395264117,0.0191256830601093
"BOL",2018,0.318511260534381,0.895264116575592,0.0519125683060109,0.0528233151183971
"BRA",2000,0.186124213949247,0.960676470588235,0.0101470588235294,0.0291764705882353
"BRA",2001,0.0315575992534277,0.951058823529412,0.0193823529411765,0.0295588235294118
"BRA",2002,-0.102783587144125,0.935584446143891,0.0334431437143361,0.030972410141773
"BRA",2003,-0.148431688344159,0.942777287437482,0.0310385407472786,0.0261841718152398
"BRA",2004,-0.0893410706958862,0.942813392620513,0.0226449542094879,0.0345416531699991
"BRA",2005,-0.119880651269623,0.937192951490013,0.0359191598270232,0.0268878886829641
"BRA",2006,-0.00281901565001812,0.954639053950697,0.0121197858445608,0.033241160204742
"BRA",2007,-0.274769269360138,0.919059668118159,0.0581087442626809,0.0228315876191597
"BRA",2008,0.0235868923798615,0.963581808554451,0.017503088780373,0.0189151026651762
"BRA",2009,0.200990905534093,0.912960348276268,0.0285621837863278,0.0584774679374044
"BRA",2010,-0.138581490642345,0.95077430371548,0.0322970028852382,0.0169286933992816
"BRA",2011,-0.0352112332005985,0.957115124419084,0.0229719395258545,0.0199129360550621
"BRA",2012,-0.247893467946354,0.939132737114615,0.0410684867027536,0.0197987761826312
"BRA",2013,-0.0739020414339945,0.943308522844282,0.0319790532788091,0.0247124238769086
"BRA",2014,-0.0730997989246221,0.949057325215448,0.0315009264978382,0.0194417482867143
"BRA",2015,-0.417533815604793,0.900055933350997,0.0714180576407901,0.0285260090082134
"BRA",2016,-0.379059066182908,0.90334265940215,0.0699160653806509,0.0267412752171992
"BRA",2017,-0.232027404369098,0.938335591024206,0.0468519936392014,0.0148124153365923
"BRA",2018,-0.0415397169437598,0.94314469850799,0.0231011447573644,0.0337541567346458
"BRN",2000,0.345898702430227,1,NA,NA
"BRN",2001,0.0221009180725862,1,NA,NA
"BRN",2002,-0.424083879295116,1,NA,NA
"BRN",2003,-0.0711287595331671,1,NA,NA
"BRN",2004,-0.407147707728048,1,NA,NA
"BRN",2005,0.0857287423374753,1,NA,NA
"BRN",2006,0.302323642186821,1,NA,NA
"BRN",2007,0.32130362916117,1,NA,NA
"BRN",2008,0.704419800051254,0.916666666666667,NA,0.0833333333333333
"BRN",2009,-0.175335173553321,0.916666666666667,NA,0.0833333333333333
"BRN",2010,0.638476716975372,0.916666666666667,NA,0.0833333333333333
"BRN",2011,0.178700988801817,0.916666666666667,NA,0.0833333333333333
"BRN",2012,0.0707282486061257,1,NA,NA
"BRN",2013,0.228040771714101,1,NA,NA
"BRN",2014,-0.216710427155097,1,NA,NA
"BRN",2015,-0.505847789150721,0.833333333333333,0.166666666666667,NA
"BRN",2016,-0.595728372534116,1,NA,NA
"BRN",2017,0.465652237846597,0.958333333333333,NA,0.0416666666666667
"BRN",2018,0.209779014166667,1,NA,NA
"BTN",2000,0.149597629451026,0.942307692307692,NA,0.0576923076923077
"BTN",2001,-0.271784094854807,0.865384615384615,0.0512820512820513,0.0833333333333333
"BTN",2002,0.0353039635329669,1,NA,NA
"BTN",2003,0.213890421043078,0.993589743589744,NA,0.00641025641025641
"BTN",2004,-0.0594783246170923,0.865384615384615,0.0641025641025641,0.0705128205128205
"BTN",2005,-0.378945841119649,0.987179487179487,0.0128205128205128,NA
"BTN",2006,-0.422790585645439,0.762820512820513,0.153846153846154,0.0833333333333333
"BTN",2007,-0.0137794409663628,0.923076923076923,0.0448717948717949,0.032051282051282
"BTN",2008,0.0617828490690163,0.92948717948718,0.032051282051282,0.0384615384615385
"BTN",2009,-0.939550986244845,0.852564102564103,0.147435897435897,NA
"BTN",2010,-0.22395722153716,0.961538461538462,0.032051282051282,0.00641025641025641
"BTN",2011,-0.238970745892192,0.923076923076923,0.0769230769230769,NA
"BTN",2012,-0.588631826927527,0.993589743589744,0.00641025641025641,NA
"BTN",2013,0.0336095598251679,0.916666666666667,NA,0.0833333333333333
"BTN",2014,-0.149963119377693,1,NA,NA
"BTN",2015,-0.243498858450225,0.974358974358974,0.0256410256410256,NA
"BTN",2016,-0.080286794485381,0.92948717948718,0.0705128205128205,NA
"BTN",2017,-0.00170155261559287,0.987179487179487,NA,0.0128205128205128
"BTN",2018,-0.352693146583333,1,NA,NA
"BWA",2000,0.292069900261345,0.997977346278317,NA,0.00202265372168285
"BWA",2001,0.168430236502146,0.997168284789644,NA,0.00283171521035599
"BWA",2002,-0.137907304182555,0.997572815533981,0.00242718446601942,NA
"BWA",2003,-0.303137141607589,0.994336569579288,0.00121359223300971,0.00444983818770227
"BWA",2004,-0.116526503590655,1,NA,NA
"BWA",2005,-0.674302128658177,0.929611650485437,0.0703883495145631,NA
"BWA",2006,0.0558779308412576,0.982200647249191,0.0173948220064725,0.00040453074433657
"BWA",2007,-0.256642313289632,0.996359223300971,0.00364077669902913,NA
"BWA",2008,-0.323986811626719,0.997977346278317,NA,0.00202265372168285
"BWA",2009,-0.142556628257802,0.979773462783172,0.0202265372168285,NA
"BWA",2010,-0.0930036629651434,0.994741100323625,0.0052588996763754,NA
"BWA",2011,0.11509877725025,0.976537216828479,0.0109223300970874,0.0125404530744337
"BWA",2012,-0.262169956527918,0.999595469255663,0.00040453074433657,NA
"BWA",2013,-0.18534521579244,0.999190938511327,0.000809061488673139,NA
"BWA",2014,-0.235152840887556,0.998381877022654,0.00161812297734628,NA
"BWA",2015,-0.601166855405609,0.956310679611651,0.0436893203883495,NA
"BWA",2016,-0.507487226842148,0.979773462783172,0.0202265372168285,NA
"BWA",2017,-0.306610980925134,0.964805825242718,0.029126213592233,0.00606796116504854
"BWA",2018,-0.339424048020793,0.996359223300971,0.00323624595469256,0.00040453074433657
"CAF",2000,-0.197224011596879,0.931855500821018,0.0566502463054187,0.0114942528735632
"CAF",2001,-0.121667508632993,0.926929392446634,0.0488505747126437,0.0242200328407225
"CAF",2002,-0.107979605578258,0.926518883415435,0.0529556650246305,0.0205254515599343
"CAF",2003,-0.107716143442294,0.959770114942529,0.0328407224958949,0.00738916256157635
"CAF",2004,-0.369041961386725,0.955665024630542,0.0394088669950739,0.00492610837438424
"CAF",2005,-0.208631127787314,0.976161117961365,0.019317714755446,0.00452116728318948
"CAF",2006,-0.0503216400416701,0.988095238095238,0.00574712643678161,0.0061576354679803
"CAF",2007,-0.0748532898993433,0.956896551724138,0.034072249589491,0.0090311986863711
"CAF",2008,-0.235582937453986,0.947865353037767,0.0426929392446634,0.00944170771756979
"CAF",2009,-0.0883403335889729,0.992200328407225,0.00246305418719212,0.00533661740558292
"CAF",2010,0.0312972453053763,0.969211822660099,0.00369458128078818,0.0270935960591133
"CAF",2011,-0.0170847260176695,0.99055829228243,0.00533661740558292,0.00410509031198686
"CAF",2012,0.0745553404306599,0.986042692939245,0.0061576354679803,0.00779967159277504
"CAF",2013,0.0745602818489583,0.983579638752053,0.00410509031198686,0.0123152709359606
"CAF",2014,-0.047895801974988,0.967569786535304,0.0135467980295567,0.0188834154351396
"CAF",2015,-0.000134065947965152,0.972085385878489,0.0147783251231527,0.013136288998358
"CAF",2016,0.0848302554173353,0.980295566502463,0.00738916256157635,0.0123152709359606
"CAF",2017,-0.0166891311413076,0.974548440065681,0.00533661740558292,0.0201149425287356
"CAF",2018,-0.12627648503436,0.964285714285714,0.0316091954022989,0.00410509031198686
"CAN",2000,-0.01913832401881,0.958516850596328,0.012693621022418,0.028789528381254
"CAN",2001,-0.080834090428129,0.958991941972298,0.0225278193813514,0.0184802386463504
"CAN",2002,0.0114621715436135,0.949167852502629,0.0167171935902988,0.0341149539070717
"CAN",2003,0.00163993273319675,0.93598305105745,0.0266499820351121,0.0373669669074375
"CAN",2004,0.15683316625117,0.961010991187246,0.0118204772749777,0.027168531537776
"CAN",2005,0.212113970163694,0.928366407680507,0.0142277428613847,0.0574058494581086
"CAN",2006,-0.124880645420168,0.933112230376081,0.0387095177397998,0.0281782518841189
"CAN",2007,0.125928206377367,0.940895596239485,0.025259772389906,0.0338446313706086
"CAN",2008,0.15488391102709,0.950211680819985,0.0182837760887326,0.0315045430912827
"CAN",2009,0.209288983029475,0.936783674278563,0.0191433209015327,0.0440730048199041
"CAN",2010,-0.122295465897899,0.914423791821561,0.0535563816604709,0.0320198265179678
"CAN",2011,0.0868574066859039,0.934305213223181,0.0298747786021279,0.0358200081746907
"CAN",2012,-0.072143711676705,0.940872254871636,0.0440828951438293,0.0150448499845345
"CAN",2013,0.0719492316495291,0.929943558768195,0.0304361818001782,0.0396202594316269
"CAN",2014,0.140741971230441,0.946993406647781,0.0225386261581662,0.0304679671940524
"CAN",2015,0.132843420552492,0.962277236305993,0.0170532651367853,0.0206694985572219
"CAN",2016,-0.110048184377798,0.955046019299615,0.0311048348136311,0.0138491458867541
"CAN",2017,-0.0563933777966256,0.955288877891872,0.0286403563033527,0.0160707658047755
"CAN",2018,0.153408041617339,0.966636977659022,0.010675672332319,0.0226873500086593
"CHE",2000,0.126336721757338,0.975490196078431,NA,0.0245098039215686
"CHE",2001,0.361656634145024,0.931372549019608,NA,0.0686274509803922
"CHE",2002,0.381869608659626,0.906862745098039,NA,0.0931372549019608
"CHE",2003,-0.712286899069452,1,NA,NA
"CHE",2004,-0.167337790640601,0.970588235294118,NA,0.0294117647058824
"CHE",2005,-0.277267671085771,1,NA,NA
"CHE",2006,0.0353823318694008,0.965686274509804,0.00490196078431373,0.0294117647058824
"CHE",2007,0.200790173848908,0.936274509803922,0.0637254901960784,NA
"CHE",2008,0.150520532350878,0.980392156862745,NA,0.0196078431372549
"CHE",2009,-0.156481555278422,0.995098039215686,0.00490196078431373,NA
"CHE",2010,-0.0933845860737503,1,NA,NA
"CHE",2011,-0.484059848434602,0.872549019607843,0.0833333333333333,0.0441176470588235
"CHE",2012,0.151160664036961,1,NA,NA
"CHE",2013,0.206152910809489,1,NA,NA
"CHE",2014,0.0119550614652006,0.916666666666667,NA,0.0833333333333333
"CHE",2015,-0.459912142762358,0.965686274509804,0.0343137254901961,NA
"CHE",2016,0.183098151695495,0.926470588235294,0.0735294117647059,NA
"CHE",2017,-0.0823362238530854,1,NA,NA
"CHE",2018,-0.469874863088235,0.995098039215686,0.00490196078431373,NA
"CHL",2000,0.371371083291963,0.939218921892189,0.00797579757975798,0.0528052805280528
"CHL",2001,0.110056578636191,0.96947194719472,0.00632563256325633,0.0242024202420242
"CHL",2002,0.423111316742697,0.91006600660066,0.0104510451045105,0.0794829482948295
"CHL",2003,-0.183958594324119,0.969421487603306,0.0267217630853995,0.00385674931129477
"CHL",2004,-0.180967019581456,0.944994499449945,0.0357535753575358,0.0192519251925193
"CHL",2005,0.100237057215232,0.940869086908691,0.0390539053905391,0.0200770077007701
"CHL",2006,0.0427220202813694,0.957645764576458,0.0195269526952695,0.0228272827282728
"CHL",2007,-0.105400987774749,0.973872387238724,0.0101760176017602,0.015951595159516
"CHL",2008,-0.309974023813581,0.907188102451115,0.0556320572844946,0.03717984026439
"CHL",2009,-0.118157427271168,0.914120561519405,0.0509221029452243,0.0349573355353702
"CHL",2010,0.0954206326958697,0.962046204620462,0.0066006600660066,0.0313531353135314
"CHL",2011,0.156518897936027,0.915841584158416,0.0288778877887789,0.0552805280528053
"CHL",2012,-0.0248023937567389,0.969196919691969,0.0195269526952695,0.0112761276127613
"CHL",2013,-0.145233715724477,0.930693069306931,0.0456545654565457,0.0236523652365237
"CHL",2014,0.130230315399606,0.926842684268427,0.0258525852585259,0.0473047304730473
"CHL",2015,0.066912054606616,0.902640264026403,0.0305280528052805,0.0668316831683168
"CHL",2016,-0.377586161573918,0.863311331133113,0.0948844884488449,0.0418041804180418
"CHL",2017,-0.017182805848444,0.974662627375379,0.023134122831176,0.00220324979344533
"CHL",2018,-0.0383331255991749,0.929317931793179,0.02997799779978,0.0407040704070407
"CHN",2000,0.0670429832835753,0.931180391125143,0.0238533719196703,0.0449662369551872
"CHN",2001,-0.227664287611097,0.917600368364505,0.0524700155677856,0.0299296160677089
